{
    "num_words_in_prompt": 322,
    "num_words_in_completion": 928,
    "total_words": 1250,
    "num_tokens_in_prompt": 394,
    "num_tokens_in_completion": 1178,
    "total_tokens": 1572,
    "prompt_cost": 0.00394,
    "completion_cost": 0.035339999999999996,
    "total_cost": 0.039279999999999995,
    "tokens_per_prompt_word": 0.817258883248731,
    "tokens_per_completion_word": 0.7877758913412564
}