{
    "num_words_in_prompt": 292,
    "num_words_in_completion": 456,
    "total_words": 748,
    "num_tokens_in_prompt": 359,
    "num_tokens_in_completion": 560,
    "total_tokens": 919,
    "prompt_cost": 0.00359,
    "completion_cost": 0.016800000000000002,
    "total_cost": 0.020390000000000002,
    "tokens_per_prompt_word": 0.8133704735376045,
    "tokens_per_completion_word": 0.8142857142857143
}