{
    "num_words_in_prompt": 320,
    "num_words_in_completion": 910,
    "total_words": 1230,
    "num_tokens_in_prompt": 383,
    "num_tokens_in_completion": 1126,
    "total_tokens": 1509,
    "prompt_cost": 0.00383,
    "completion_cost": 0.033780000000000004,
    "total_cost": 0.037610000000000005,
    "tokens_per_prompt_word": 0.835509138381201,
    "tokens_per_completion_word": 0.8081705150976909
}