{
    "num_words_in_prompt": 292,
    "num_words_in_completion": 744,
    "total_words": 1036,
    "num_tokens_in_prompt": 371,
    "num_tokens_in_completion": 996,
    "total_tokens": 1367,
    "prompt_cost": 0.0037099999999999998,
    "completion_cost": 0.02988,
    "total_cost": 0.03359,
    "tokens_per_prompt_word": 0.7870619946091644,
    "tokens_per_completion_word": 0.7469879518072289
}