{
    "num_words_in_prompt": 292,
    "num_words_in_completion": 634,
    "total_words": 926,
    "num_tokens_in_prompt": 371,
    "num_tokens_in_completion": 840,
    "total_tokens": 1211,
    "prompt_cost": 0.0037099999999999998,
    "completion_cost": 0.0252,
    "total_cost": 0.028909999999999998,
    "tokens_per_prompt_word": 0.7870619946091644,
    "tokens_per_completion_word": 0.7547619047619047
}