{
    "num_words_in_prompt": 292,
    "num_words_in_completion": 774,
    "total_words": 1066,
    "num_tokens_in_prompt": 371,
    "num_tokens_in_completion": 1038,
    "total_tokens": 1409,
    "prompt_cost": 0.0037099999999999998,
    "completion_cost": 0.03114,
    "total_cost": 0.03485,
    "tokens_per_prompt_word": 0.7870619946091644,
    "tokens_per_completion_word": 0.7456647398843931
}