{
    "num_words_in_prompt": 76,
    "num_words_in_completion": 96,
    "total_words": 172,
    "num_tokens_in_prompt": 105,
    "num_tokens_in_completion": 127,
    "total_tokens": 232,
    "prompt_cost": 0.0010500000000000002,
    "completion_cost": 0.00381,
    "total_cost": 0.00486,
    "tokens_per_prompt_word": 0.7238095238095238,
    "tokens_per_completion_word": 0.7559055118110236
}