{
    "num_words_in_prompt": 76,
    "num_words_in_completion": 123,
    "total_words": 199,
    "num_tokens_in_prompt": 105,
    "num_tokens_in_completion": 159,
    "total_tokens": 264,
    "prompt_cost": 0.0010500000000000002,
    "completion_cost": 0.00477,
    "total_cost": 0.0058200000000000005,
    "tokens_per_prompt_word": 0.7238095238095238,
    "tokens_per_completion_word": 0.7735849056603774
}