{
    "num_words_in_prompt": 76,
    "num_words_in_completion": 117,
    "total_words": 193,
    "num_tokens_in_prompt": 105,
    "num_tokens_in_completion": 149,
    "total_tokens": 254,
    "prompt_cost": 0.0010500000000000002,
    "completion_cost": 0.00447,
    "total_cost": 0.005520000000000001,
    "tokens_per_prompt_word": 0.7238095238095238,
    "tokens_per_completion_word": 0.785234899328859
}