{
    "num_words_in_prompt": 76,
    "num_words_in_completion": 99,
    "total_words": 175,
    "num_tokens_in_prompt": 105,
    "num_tokens_in_completion": 126,
    "total_tokens": 231,
    "prompt_cost": 0.0010500000000000002,
    "completion_cost": 0.00378,
    "total_cost": 0.00483,
    "tokens_per_prompt_word": 0.7238095238095238,
    "tokens_per_completion_word": 0.7857142857142857
}