{
    "num_words_in_prompt": 76,
    "num_words_in_completion": 102,
    "total_words": 178,
    "num_tokens_in_prompt": 105,
    "num_tokens_in_completion": 128,
    "total_tokens": 233,
    "prompt_cost": 0.0010500000000000002,
    "completion_cost": 0.0038399999999999997,
    "total_cost": 0.00489,
    "tokens_per_prompt_word": 0.7238095238095238,
    "tokens_per_completion_word": 0.796875
}