{
    "num_words_in_prompt": 76,
    "num_words_in_completion": 103,
    "total_words": 179,
    "num_tokens_in_prompt": 105,
    "num_tokens_in_completion": 134,
    "total_tokens": 239,
    "prompt_cost": 0.0010500000000000002,
    "completion_cost": 0.004019999999999999,
    "total_cost": 0.00507,
    "tokens_per_prompt_word": 0.7238095238095238,
    "tokens_per_completion_word": 0.7686567164179104
}