{
    "num_words_in_prompt": 76,
    "num_words_in_completion": 143,
    "total_words": 219,
    "num_tokens_in_prompt": 105,
    "num_tokens_in_completion": 175,
    "total_tokens": 280,
    "prompt_cost": 0.0010500000000000002,
    "completion_cost": 0.00525,
    "total_cost": 0.0063,
    "tokens_per_prompt_word": 0.7238095238095238,
    "tokens_per_completion_word": 0.8171428571428572
}