{
    "num_words_in_prompt": 76,
    "num_words_in_completion": 129,
    "total_words": 205,
    "num_tokens_in_prompt": 105,
    "num_tokens_in_completion": 161,
    "total_tokens": 266,
    "prompt_cost": 0.0010500000000000002,
    "completion_cost": 0.00483,
    "total_cost": 0.00588,
    "tokens_per_prompt_word": 0.7238095238095238,
    "tokens_per_completion_word": 0.8012422360248447
}