{
    "num_words_in_prompt": 304,
    "num_words_in_completion": 440,
    "total_words": 744,
    "num_tokens_in_prompt": 382,
    "num_tokens_in_completion": 578,
    "total_tokens": 960,
    "prompt_cost": 0.0038200000000000005,
    "completion_cost": 0.01734,
    "total_cost": 0.02116,
    "tokens_per_prompt_word": 0.7958115183246073,
    "tokens_per_completion_word": 0.7612456747404844
}