{
    "num_words_in_prompt": 261,
    "num_words_in_completion": 235,
    "total_words": 496,
    "num_tokens_in_prompt": 309,
    "num_tokens_in_completion": 293,
    "total_tokens": 602,
    "prompt_cost": 0.00309,
    "completion_cost": 0.00879,
    "total_cost": 0.011879999999999998,
    "tokens_per_prompt_word": 0.8446601941747572,
    "tokens_per_completion_word": 0.8020477815699659
}