{
    "num_words_in_prompt": 306,
    "num_words_in_completion": 768,
    "total_words": 1074,
    "num_tokens_in_prompt": 367,
    "num_tokens_in_completion": 978,
    "total_tokens": 1345,
    "prompt_cost": 0.00367,
    "completion_cost": 0.02934,
    "total_cost": 0.033010000000000005,
    "tokens_per_prompt_word": 0.8337874659400545,
    "tokens_per_completion_word": 0.7852760736196319
}