{
    "num_words_in_prompt": 76,
    "num_words_in_completion": 106,
    "total_words": 182,
    "num_tokens_in_prompt": 105,
    "num_tokens_in_completion": 139,
    "total_tokens": 244,
    "prompt_cost": 0.0010500000000000002,
    "completion_cost": 0.00417,
    "total_cost": 0.005220000000000001,
    "tokens_per_prompt_word": 0.7238095238095238,
    "tokens_per_completion_word": 0.762589928057554
}