{
    "num_words_in_prompt": 296,
    "num_words_in_completion": 682,
    "total_words": 978,
    "num_tokens_in_prompt": 358,
    "num_tokens_in_completion": 910,
    "total_tokens": 1268,
    "prompt_cost": 0.0035800000000000003,
    "completion_cost": 0.0273,
    "total_cost": 0.03088,
    "tokens_per_prompt_word": 0.8268156424581006,
    "tokens_per_completion_word": 0.7494505494505495
}