{
    "num_words_in_prompt": 296,
    "num_words_in_completion": 842,
    "total_words": 1138,
    "num_tokens_in_prompt": 358,
    "num_tokens_in_completion": 1067,
    "total_tokens": 1425,
    "prompt_cost": 0.0035800000000000003,
    "completion_cost": 0.03201,
    "total_cost": 0.03559,
    "tokens_per_prompt_word": 0.8268156424581006,
    "tokens_per_completion_word": 0.7891283973758201
}