{
    "num_words_in_prompt": 296,
    "num_words_in_completion": 726,
    "total_words": 1022,
    "num_tokens_in_prompt": 358,
    "num_tokens_in_completion": 952,
    "total_tokens": 1310,
    "prompt_cost": 0.0035800000000000003,
    "completion_cost": 0.02856,
    "total_cost": 0.03214,
    "tokens_per_prompt_word": 0.8268156424581006,
    "tokens_per_completion_word": 0.7626050420168067
}