{
    "num_words_in_prompt": 324,
    "num_words_in_completion": 766,
    "total_words": 1090,
    "num_tokens_in_prompt": 389,
    "num_tokens_in_completion": 1004,
    "total_tokens": 1393,
    "prompt_cost": 0.0038900000000000002,
    "completion_cost": 0.030119999999999997,
    "total_cost": 0.03401,
    "tokens_per_prompt_word": 0.8329048843187661,
    "tokens_per_completion_word": 0.7629482071713147
}