{
    "num_words_in_prompt": 324,
    "num_words_in_completion": 800,
    "total_words": 1124,
    "num_tokens_in_prompt": 389,
    "num_tokens_in_completion": 1017,
    "total_tokens": 1406,
    "prompt_cost": 0.0038900000000000002,
    "completion_cost": 0.03051,
    "total_cost": 0.0344,
    "tokens_per_prompt_word": 0.8329048843187661,
    "tokens_per_completion_word": 0.7866273352999017
}