{
    "num_words_in_prompt": 324,
    "num_words_in_completion": 832,
    "total_words": 1156,
    "num_tokens_in_prompt": 389,
    "num_tokens_in_completion": 1084,
    "total_tokens": 1473,
    "prompt_cost": 0.0038900000000000002,
    "completion_cost": 0.03251999999999999,
    "total_cost": 0.03640999999999999,
    "tokens_per_prompt_word": 0.8329048843187661,
    "tokens_per_completion_word": 0.7675276752767528
}