{
    "num_words_in_prompt": 324,
    "num_words_in_completion": 754,
    "total_words": 1078,
    "num_tokens_in_prompt": 389,
    "num_tokens_in_completion": 977,
    "total_tokens": 1366,
    "prompt_cost": 0.0038900000000000002,
    "completion_cost": 0.02931,
    "total_cost": 0.0332,
    "tokens_per_prompt_word": 0.8329048843187661,
    "tokens_per_completion_word": 0.7717502558853634
}