{
    "num_words_in_prompt": 292,
    "num_words_in_completion": 832,
    "total_words": 1124,
    "num_tokens_in_prompt": 371,
    "num_tokens_in_completion": 1090,
    "total_tokens": 1461,
    "prompt_cost": 0.0037099999999999998,
    "completion_cost": 0.03269999999999999,
    "total_cost": 0.03640999999999999,
    "tokens_per_prompt_word": 0.7870619946091644,
    "tokens_per_completion_word": 0.763302752293578
}