{
    "num_words_in_prompt": 292,
    "num_words_in_completion": 740,
    "total_words": 1032,
    "num_tokens_in_prompt": 371,
    "num_tokens_in_completion": 1027,
    "total_tokens": 1398,
    "prompt_cost": 0.0037099999999999998,
    "completion_cost": 0.030809999999999997,
    "total_cost": 0.034519999999999995,
    "tokens_per_prompt_word": 0.7870619946091644,
    "tokens_per_completion_word": 0.7205452775073028
}