{
    "num_words_in_prompt": 292,
    "num_words_in_completion": 820,
    "total_words": 1112,
    "num_tokens_in_prompt": 371,
    "num_tokens_in_completion": 1088,
    "total_tokens": 1459,
    "prompt_cost": 0.0037099999999999998,
    "completion_cost": 0.03264,
    "total_cost": 0.03635,
    "tokens_per_prompt_word": 0.7870619946091644,
    "tokens_per_completion_word": 0.7536764705882353
}