{
    "num_words_in_prompt": 324,
    "num_words_in_completion": 804,
    "total_words": 1128,
    "num_tokens_in_prompt": 389,
    "num_tokens_in_completion": 1042,
    "total_tokens": 1431,
    "prompt_cost": 0.0038900000000000002,
    "completion_cost": 0.031259999999999996,
    "total_cost": 0.035149999999999994,
    "tokens_per_prompt_word": 0.8329048843187661,
    "tokens_per_completion_word": 0.7715930902111324
}