{
    "num_words_in_prompt": 324,
    "num_words_in_completion": 714,
    "total_words": 1038,
    "num_tokens_in_prompt": 389,
    "num_tokens_in_completion": 938,
    "total_tokens": 1327,
    "prompt_cost": 0.0038900000000000002,
    "completion_cost": 0.028140000000000002,
    "total_cost": 0.03203,
    "tokens_per_prompt_word": 0.8329048843187661,
    "tokens_per_completion_word": 0.7611940298507462
}