{
    "num_words_in_prompt": 324,
    "num_words_in_completion": 768,
    "total_words": 1092,
    "num_tokens_in_prompt": 389,
    "num_tokens_in_completion": 998,
    "total_tokens": 1387,
    "prompt_cost": 0.0038900000000000002,
    "completion_cost": 0.029939999999999998,
    "total_cost": 0.03383,
    "tokens_per_prompt_word": 0.8329048843187661,
    "tokens_per_completion_word": 0.7695390781563126
}