{
    "num_words_in_prompt": 312,
    "num_words_in_completion": 1170,
    "total_words": 1482,
    "num_tokens_in_prompt": 375,
    "num_tokens_in_completion": 1408,
    "total_tokens": 1783,
    "prompt_cost": 0.00375,
    "completion_cost": 0.04223999999999999,
    "total_cost": 0.04598999999999999,
    "tokens_per_prompt_word": 0.832,
    "tokens_per_completion_word": 0.8309659090909091
}