{
    "num_words_in_prompt": 294,
    "num_words_in_completion": 812,
    "total_words": 1106,
    "num_tokens_in_prompt": 355,
    "num_tokens_in_completion": 1043,
    "total_tokens": 1398,
    "prompt_cost": 0.00355,
    "completion_cost": 0.03129,
    "total_cost": 0.034839999999999996,
    "tokens_per_prompt_word": 0.828169014084507,
    "tokens_per_completion_word": 0.7785234899328859
}