{
    "num_words_in_prompt": 294,
    "num_words_in_completion": 836,
    "total_words": 1130,
    "num_tokens_in_prompt": 355,
    "num_tokens_in_completion": 1058,
    "total_tokens": 1413,
    "prompt_cost": 0.00355,
    "completion_cost": 0.03174,
    "total_cost": 0.035289999999999995,
    "tokens_per_prompt_word": 0.828169014084507,
    "tokens_per_completion_word": 0.7901701323251418
}