{
    "num_words_in_prompt": 320,
    "num_words_in_completion": 770,
    "total_words": 1090,
    "num_tokens_in_prompt": 383,
    "num_tokens_in_completion": 974,
    "total_tokens": 1357,
    "prompt_cost": 0.00383,
    "completion_cost": 0.02922,
    "total_cost": 0.033049999999999996,
    "tokens_per_prompt_word": 0.835509138381201,
    "tokens_per_completion_word": 0.7905544147843943
}