{
    "num_words_in_prompt": 316,
    "num_words_in_completion": 862,
    "total_words": 1178,
    "num_tokens_in_prompt": 381,
    "num_tokens_in_completion": 1090,
    "total_tokens": 1471,
    "prompt_cost": 0.00381,
    "completion_cost": 0.03269999999999999,
    "total_cost": 0.036509999999999994,
    "tokens_per_prompt_word": 0.8293963254593176,
    "tokens_per_completion_word": 0.7908256880733945
}