{
    "num_words_in_prompt": 304,
    "num_words_in_completion": 754,
    "total_words": 1058,
    "num_tokens_in_prompt": 382,
    "num_tokens_in_completion": 1032,
    "total_tokens": 1414,
    "prompt_cost": 0.0038200000000000005,
    "completion_cost": 0.030959999999999998,
    "total_cost": 0.03478,
    "tokens_per_prompt_word": 0.7958115183246073,
    "tokens_per_completion_word": 0.7306201550387597
}