{
    "num_words_in_prompt": 304,
    "num_words_in_completion": 862,
    "total_words": 1166,
    "num_tokens_in_prompt": 382,
    "num_tokens_in_completion": 1142,
    "total_tokens": 1524,
    "prompt_cost": 0.0038200000000000005,
    "completion_cost": 0.03426,
    "total_cost": 0.03808,
    "tokens_per_prompt_word": 0.7958115183246073,
    "tokens_per_completion_word": 0.7548161120840631
}