{
    "num_words_in_prompt": 304,
    "num_words_in_completion": 686,
    "total_words": 990,
    "num_tokens_in_prompt": 382,
    "num_tokens_in_completion": 940,
    "total_tokens": 1322,
    "prompt_cost": 0.0038200000000000005,
    "completion_cost": 0.0282,
    "total_cost": 0.03202,
    "tokens_per_prompt_word": 0.7958115183246073,
    "tokens_per_completion_word": 0.7297872340425532
}