{
    "num_words_in_prompt": 335,
    "num_words_in_completion": 594,
    "total_words": 929,
    "num_tokens_in_prompt": 414,
    "num_tokens_in_completion": 802,
    "total_tokens": 1216,
    "prompt_cost": 0.00414,
    "completion_cost": 0.024059999999999998,
    "total_cost": 0.028199999999999996,
    "tokens_per_prompt_word": 0.8091787439613527,
    "tokens_per_completion_word": 0.7406483790523691
}