{
    "num_words_in_prompt": 261,
    "num_words_in_completion": 232,
    "total_words": 493,
    "num_tokens_in_prompt": 309,
    "num_tokens_in_completion": 296,
    "total_tokens": 605,
    "prompt_cost": 0.00309,
    "completion_cost": 0.008879999999999999,
    "total_cost": 0.011969999999999998,
    "tokens_per_prompt_word": 0.8446601941747572,
    "tokens_per_completion_word": 0.7837837837837838
}