{
    "num_words_in_prompt": 322,
    "num_words_in_completion": 1106,
    "total_words": 1428,
    "num_tokens_in_prompt": 398,
    "num_tokens_in_completion": 1378,
    "total_tokens": 1776,
    "prompt_cost": 0.00398,
    "completion_cost": 0.041339999999999995,
    "total_cost": 0.04531999999999999,
    "tokens_per_prompt_word": 0.8090452261306532,
    "tokens_per_completion_word": 0.8026124818577649
}