{
    "num_words_in_prompt": 322,
    "num_words_in_completion": 968,
    "total_words": 1290,
    "num_tokens_in_prompt": 398,
    "num_tokens_in_completion": 1200,
    "total_tokens": 1598,
    "prompt_cost": 0.00398,
    "completion_cost": 0.036,
    "total_cost": 0.039979999999999995,
    "tokens_per_prompt_word": 0.8090452261306532,
    "tokens_per_completion_word": 0.8066666666666666
}