{
    "num_words_in_prompt": 322,
    "num_words_in_completion": 1182,
    "total_words": 1504,
    "num_tokens_in_prompt": 394,
    "num_tokens_in_completion": 1484,
    "total_tokens": 1878,
    "prompt_cost": 0.00394,
    "completion_cost": 0.04452,
    "total_cost": 0.048459999999999996,
    "tokens_per_prompt_word": 0.817258883248731,
    "tokens_per_completion_word": 0.7964959568733153
}