{
    "num_words_in_prompt": 322,
    "num_words_in_completion": 838,
    "total_words": 1160,
    "num_tokens_in_prompt": 394,
    "num_tokens_in_completion": 1096,
    "total_tokens": 1490,
    "prompt_cost": 0.00394,
    "completion_cost": 0.03287999999999999,
    "total_cost": 0.03681999999999999,
    "tokens_per_prompt_word": 0.817258883248731,
    "tokens_per_completion_word": 0.7645985401459854
}