{
    "num_words_in_prompt": 81,
    "num_words_in_completion": 148,
    "total_words": 229,
    "num_tokens_in_prompt": 110,
    "num_tokens_in_completion": 187,
    "total_tokens": 297,
    "prompt_cost": 0.0011,
    "completion_cost": 0.0056099999999999995,
    "total_cost": 0.00671,
    "tokens_per_prompt_word": 0.7363636363636363,
    "tokens_per_completion_word": 0.7914438502673797
}