{
    "num_words_in_prompt": 296,
    "num_words_in_completion": 638,
    "total_words": 934,
    "num_tokens_in_prompt": 358,
    "num_tokens_in_completion": 866,
    "total_tokens": 1224,
    "prompt_cost": 0.0035800000000000003,
    "completion_cost": 0.02598,
    "total_cost": 0.02956,
    "tokens_per_prompt_word": 0.8268156424581006,
    "tokens_per_completion_word": 0.7367205542725174
}