{
    "num_words_in_prompt": 296,
    "num_words_in_completion": 674,
    "total_words": 970,
    "num_tokens_in_prompt": 358,
    "num_tokens_in_completion": 896,
    "total_tokens": 1254,
    "prompt_cost": 0.0035800000000000003,
    "completion_cost": 0.026879999999999998,
    "total_cost": 0.030459999999999997,
    "tokens_per_prompt_word": 0.8268156424581006,
    "tokens_per_completion_word": 0.7522321428571429
}