{
    "num_words_in_prompt": 296,
    "num_words_in_completion": 756,
    "total_words": 1052,
    "num_tokens_in_prompt": 358,
    "num_tokens_in_completion": 986,
    "total_tokens": 1344,
    "prompt_cost": 0.0035800000000000003,
    "completion_cost": 0.02958,
    "total_cost": 0.03316,
    "tokens_per_prompt_word": 0.8268156424581006,
    "tokens_per_completion_word": 0.7667342799188641
}