{
    "num_words_in_prompt": 296,
    "num_words_in_completion": 676,
    "total_words": 972,
    "num_tokens_in_prompt": 358,
    "num_tokens_in_completion": 904,
    "total_tokens": 1262,
    "prompt_cost": 0.0035800000000000003,
    "completion_cost": 0.02712,
    "total_cost": 0.030699999999999998,
    "tokens_per_prompt_word": 0.8268156424581006,
    "tokens_per_completion_word": 0.7477876106194691
}