{
    "num_words_in_prompt": 322,
    "num_words_in_completion": 498,
    "total_words": 820,
    "num_tokens_in_prompt": 394,
    "num_tokens_in_completion": 626,
    "total_tokens": 1020,
    "prompt_cost": 0.00394,
    "completion_cost": 0.018779999999999998,
    "total_cost": 0.022719999999999997,
    "tokens_per_prompt_word": 0.817258883248731,
    "tokens_per_completion_word": 0.7955271565495208
}