{
    "num_words_in_prompt": 312,
    "num_words_in_completion": 892,
    "total_words": 1204,
    "num_tokens_in_prompt": 381,
    "num_tokens_in_completion": 1150,
    "total_tokens": 1531,
    "prompt_cost": 0.00381,
    "completion_cost": 0.0345,
    "total_cost": 0.038310000000000004,
    "tokens_per_prompt_word": 0.8188976377952756,
    "tokens_per_completion_word": 0.7756521739130435
}