{
    "num_words_in_prompt": 312,
    "num_words_in_completion": 772,
    "total_words": 1084,
    "num_tokens_in_prompt": 381,
    "num_tokens_in_completion": 1026,
    "total_tokens": 1407,
    "prompt_cost": 0.00381,
    "completion_cost": 0.03078,
    "total_cost": 0.034589999999999996,
    "tokens_per_prompt_word": 0.8188976377952756,
    "tokens_per_completion_word": 0.7524366471734892
}