{
    "num_words_in_prompt": 312,
    "num_words_in_completion": 756,
    "total_words": 1068,
    "num_tokens_in_prompt": 381,
    "num_tokens_in_completion": 948,
    "total_tokens": 1329,
    "prompt_cost": 0.00381,
    "completion_cost": 0.028439999999999997,
    "total_cost": 0.032249999999999994,
    "tokens_per_prompt_word": 0.8188976377952756,
    "tokens_per_completion_word": 0.7974683544303798
}